+0.945022925310054  0.943422550      943.423 100 100 100
+1.191360817253026  0.938688336      938.688 100 100 100
+1.184568697939540  0.936219884      936.220 100 100 100
+1.437763455683713  0.934367991      934.368 100 100 100
+1.463043183363641  0.940080800      940.081 100 100 100
+1.740140421390757  0.938930962      938.931 100 100 100
+1.793600559822491  0.936130242      936.130 100 100 100
+2.106274827102640  0.941782357      941.782 100 100 100
+2.188698441105966  0.967803109      967.803 100 100 100
+2.547775111105636  0.937162678      937.163 100 100 100
