+1.134644183841249 176.292377700     1410.339 500 500 500
+1.372054820957089 176.729118387     1413.833 500 500 500
+1.528323496980727 185.427193455     1483.418 500 500 500
+1.811853143066060 176.641675915     1413.133 500 500 500
+2.032168752951059 177.030919500     1416.247 500 500 500
+2.391689926946156 184.263378104     1474.107 500 500 500
+2.705584766371778 179.895611356     1439.165 500 500 500
+3.174074185856039 171.423147391     1371.385 500 500 500
+3.618564804773944 171.366468555     1370.932 500 500 500
+4.240317437433291 171.218822279     1369.751 500 500 500
